0 0.35 0.17421875 0.159375 0.3484375
2 0.4078125 0.43046875 0.04375 0.0390625
0 0.7078125 0.16015625 0.221875 0.3203125
2 0.91328125 0.33203125 0.1109375 0.2359375
2 0.89375 0.39375 0.090625 0.1125
2 0.7733959798752332 0.36589705934389694 0.06528108356416489 0.09178726861012265
2 0.3102330871596538 0.7253320254311661 0.0873532276489403 0.1599117416766104
0 0.03984375 0.75625 0.0796875 0.1
2 0.16444922571859816 0.7559912123632155 0.16724289741673407 0.12364786192022681
2 0.05559941145369089 0.6885061517764643 0.06606742945025985 0.11210886543601077
0 0.72265625 0.5953125 0.3609375 0.290625