0 0.17265625 0.2046875 0.3453125 0.409375
1 0.56875 0.225 0.4 0.36875
2 0.6289464440642698 0.4806126763918529 0.07960677868395365 0.13143810775648762
0 0.6768390514003606 0.49842761816039544 0.07525508601209019 0.09295213986866316
2 0.7067265460693605 0.5140592622129303 0.0585579346753633 0.0670923247398008
2 0.5915924420750874 0.5623064116925318 0.06171075401813546 0.13674640547249553
2 0.504264617401315 0.5145073988022331 0.05841303134945379 0.12173888116223601
2 0.4708628660884505 0.6671311097926524 0.06309998400699968 0.05483798620519007
2 0.8860247894254958 0.6727338201057034 0.09128916601686292 0.12892726141996072
2 0.7706917854471311 0.8382503567404347 0.05952154535327185 0.1499048247398008
2 0.8624980247851308 0.8678349581653443 0.06939598468331738 0.12621834124814413
2 0.6272588640992682 0.7386708378572422 0.012736357336090798 0.020967597241038048
2 0.4858066134229504 0.6749469318189198 0.026108514003817973 0.02947613805964089
2 0.571875 0.45625 0.06875 0.09375
2 0.98515625 0.72734375 0.0296875 0.1171875