2 0.4484375 0.0625 0.18125 0.125
1 0.38776110194721164 0.25071075845720514 0.23183991440337798 0.1927145543957307
2 0.2944233096899208 0.33475880574166456 0.16301684145441175 0.21186150512049765
1 0.69453125 0.284375 0.3109375 0.56875
2 0.23046875 0.8328125 0.4140625 0.334375
2 0.0625 0.79375 0.125 0.328125
2 0.7359375 0.95703125 0.06875 0.0859375
2 0.8876225971668497 0.9223288822476678 0.07494461771179424 0.14621640914792663
2 0.7875 0.9796875 0.059375 0.040625
2 0.954787915642302 0.8094501796733017 0.030898349012550952 0.05706134207925739
2 0.8418349375415272 0.7016138348220341 0.04881703423772628 0.05732665258848364
2 0.649439081589146 0.8132247109609843 0.02470890576781102 0.03335082629424182
2 0.6653144054632693 0.8084084083442656 0.016946470542635695 0.03367704998588259
2 0.6931390168143213 0.8114578136341724 0.019240155767811018 0.03303230787839038