2 0.36875 0.30546875 0.03125 0.0265625
2 0.6166123457218328 0.22834567777533063 0.06926360528799833 0.09068205290255768
2 0.7484375 0.06328125 0.13125 0.1265625
2 0.83515625 0.0796875 0.1171875 0.159375
2 0.7536078307929139 0.13682532197021535 0.05029998184962743 0.05330853847458741
2 0.471875 0.06875 0.1375 0.1375
2 0.38203125 0.05859375 0.0890625 0.1171875
2 0.28515625 0.90625 0.0484375 0.1875
2 0.02878561367581365 0.7182440245947713 0.030723280054229286 0.04481399219545175
2 0.275 0.63125 0.06875 0.090625
2 0.13125 0.4296875 0.1375 0.221875
2 0.04296875 0.459375 0.0859375 0.121875
1 0.6073873366466465 0.7432042967424719 0.3399009910919041 0.4244810722034648