1 0.2828125 0.07890625 0.25625 0.1578125
2 0.11875 0.05 0.109375 0.1
2 0.07421875 0.090625 0.0828125 0.18125
2 0.43203125 0.09765625 0.2359375 0.1953125
1 0.9171875 0.11484375 0.165625 0.2296875
2 0.57578125 0.415625 0.1078125 0.221875
2 0.517042095930232 0.36440239444933875 0.1290982691998895 0.1717113254515623
2 0.6 0.50234375 0.059375 0.2015625
2 0.2907113309708372 0.4261855987183572 0.07869632556986002 0.1089552428072194
2 0.25979080043373876 0.37107894726707835 0.05623658563353651 0.04736979884204047
2 0.07174008791066747 0.37312505298737564 0.05398539558877831 0.05177332032575279
2 0.03671875 0.7421875 0.0734375 0.146875
2 0.00390625 0.5015625 0.0078125 0.028125
2 0.74765625 0.58125 0.2359375 0.703125