1 0.18046875 0.06328125 0.1890625 0.1265625
0 0.7140625 0.15546875 0.303125 0.3109375
0 0.5265625 0.1203125 0.115625 0.240625
0 0.9045673543053663 0.11337955254628049 0.018527857548481918 0.03349802621279707
2 0.8851861087695931 0.1063801245167122 0.022420470779006864 0.033035640606883375
2 0.3546875 0.73671875 0.228125 0.5265625
0 0.98203125 0.6171875 0.0359375 0.1125
0 0.7522724228936225 0.5783494299864224 0.06933242694751698 0.08367324045710234
2 0.9591127581209701 0.5723871170998465 0.029792640015886107 0.05314084651623894
2 0.9451457155072964 0.5680662789185572 0.020898881087432385 0.035251844849248926
2 0.8675059107187579 0.6360347710426495 0.12162735835926082 0.17453722758022466
1 0.971875 0.71953125 0.05625 0.0890625
2 0.6144257751670987 0.6988209109006269 0.19237228084255092 0.24974426379496162
2 0.5100752402640627 0.6433677495409581 0.06650348173605543 0.14507312606301603
2 0.6454593612052253 0.574586314384388 0.07719947402541774 0.08743596924527494
2 0.7804167881527422 0.4855561521066353 0.05809491801906326 0.06559292015366047
0 0.8867177865311845 0.7421254033145832 0.12774889894433983 0.07829995636839726