1 0.21328125 0.14140625 0.4265625 0.2828125
0 0.9421875 0.2125 0.115625 0.31875
2 0.79140625 0.3625 0.2234375 0.153125
0 0.309375 0.78359375 0.35625 0.4328125
2 0.5872394786709639 0.6981427363429604 0.09650254465362344 0.09015965023742681
2 0.5388327997741211 0.6463361954350182 0.0686204683593818 0.06673051042484132
0 0.5149017470868154 0.7057255673009151 0.06690604991529536 0.0908583322115959
2 0.85390625 0.4609375 0.1015625 0.04375
2 0.78359375 0.46484375 0.0671875 0.0515625
2 0.8039158283603804 0.6286619282797524 0.03856124203690499 0.07287521034569906
2 0.7202149335232303 0.7367448644105565 0.031901718359381805 0.0656621039192082