1 0.2234375 0.1859375 0.384375 0.371875
2 0.01328125 0.1296875 0.0265625 0.140625
2 0.71875 0.2 0.33125 0.4
2 0.234375 0.54453125 0.19375 0.1515625
1 0.38515625 0.53125 0.1484375 0.125
2 0.728125 0.5015625 0.075 0.065625
2 0.7880554944728864 0.5709714321790477 0.030143856986241602 0.05912244292790554
2 0.657264307542245 0.697959925354622 0.0496751069862416 0.06003212551672874
2 0.46875 0.6 0.01875 0.034375
2 0.48190469819375065 0.6047301178682428 0.016825401451278844 0.035102746071058635
2 0.5117831711519086 0.5978786503332315 0.01992311960011328 0.03446704528527036