1 0.371875 0.459375 0.334375 0.465625
0 0.653848969287093 0.23944500092443682 0.09501814801479469 0.11171222139736088
2 0.5993427352800934 0.2925760126029194 0.03029657467377227 0.05320756802583091
2 0.5844353506126844 0.2984766716158348 0.021493739337999786 0.03498876543940614
2 0.553125 0.2359375 0.028125 0.171875
1 0.6683574593014106 0.13358980601814405 0.15793122601049953 0.08191289271557949
0 0.56640625 0.12578125 0.0546875 0.0734375
1 0.4140625 0.85859375 0.25 0.1578125
2 0.24233656791059502 0.8630920672344082 0.03273123134149962 0.06108826418576498
2 0.0234375 0.903125 0.046875 0.153125
2 0.31461100990614066 0.8937904862764535 0.033639750676317706 0.07204849623907635
2 0.3782007952339591 0.9325514579049236 0.03485680533895419 0.04240646034569906
2 0.26543826058245845 0.8241515876883792 0.03691020134468133 0.08463942445232178
1 0.740625 0.88984375 0.403125 0.2203125