2 0.2611696743733871 0.3351600631671869 0.08101918973360753 0.11115701196784729
2 0.43490165163597416 0.4388266577726034 0.06750416465760445 0.09074433778950527
2 0.11354259927824692 0.29957066812493005 0.03519471257600273 0.020917274505972295
2 0.12403443030488619 0.31025359498666616 0.022396605855496254 0.008521504725425367
2 0.04140625 0.35859375 0.0828125 0.1046875
2 0.30705783593237407 0.3582877854317702 0.013646005931498983 0.028415940729444422
2 0.28528897079961535 0.5094327113435757 0.049515527423887915 0.03237284937769971
2 0.2806532089366172 0.5657372627303465 0.07970009350750189 0.05005147516123269
2 0.2197157089366172 0.5671555987863883 0.022380024458138338 0.0176921003276302
2 0.2515625 0.59296875 0.009375 0.0140625
2 0.7328125 0.29921875 0.35 0.5984375
2 0.55703125 0.44921875 0.1140625 0.3015625
2 0.29296875 0.64921875 0.4140625 0.0984375
1 0.44140625 0.68515625 0.1171875 0.1546875
1 0.60078125 0.784375 0.2015625 0.36875