2 0.27479012540868475 0.3782194309316841 0.09148544723923262 0.15413905577914555
2 0.22076114448340825 0.38273995698653207 0.04492715990221221 0.058296785824852294
2 0.29686394846116776 0.45743605003827204 0.06630342928138973 0.0419237209984459
2 0.049910676543775165 0.18165683829422896 0.05580912428933278 0.06680492374870503
2 0.13671875 0.01484375 0.1453125 0.0296875
1 0.659375 0.23984375 0.378125 0.4796875
2 0.9171875 0.20625 0.165625 0.4125
0 0.6090248035740178 0.8011260839510028 0.1770852344744938 0.29531899110753257
2 0.46484375 0.83984375 0.1296875 0.2203125
2 0.49107937297305276 0.7495014638109576 0.11547622493795587 0.1757475842116218
2 0.41171875 0.596875 0.0234375 0.084375
2 0.40625 0.63984375 0.0125 0.0390625
2 0.6243889306042603 0.9511817419327201 0.062027453023034695 0.07646192535124019