2 0.3171875 0.2171875 0.41875 0.434375
2 0.8 0.35625 0.4 0.265625
1 0.36640625 0.69140625 0.4015625 0.4046875
2 0.8334398006386332 0.9194588883962155 0.07859530617597628 0.15820136442073968
2 0.9734375 0.8703125 0.053125 0.1625
2 0.8265625 0.98828125 0.06875 0.0234375
2 0.89609375 0.9484375 0.0671875 0.103125
2 0.9055460632866804 0.6204312377761599 0.053777118051276315 0.06388582386013528
2 0.710046154368255 0.7159176460698854 0.027663981328668007 0.037050636722608485
2 0.7268192572726845 0.7117512869416786 0.0191294309137497 0.03718069128671182
2 0.758483654368255 0.7195880203449392 0.02219523132866801 0.03663623962703788