2 0.37578125 0.209375 0.2671875 0.41875
2 0.758671401416269 0.3498716932111911 0.07962936851527207 0.11295565424886575
2 0.5737867767345424 0.24000231040304615 0.06669769867918127 0.09256929508134384
2 0.9130412754216778 0.3888200428418488 0.03538351666931803 0.01973578307929138
2 0.9011952560868597 0.3779507205349459 0.023537497334499946 0.008730105386194254
2 0.9703125 0.32734375 0.059375 0.1078125
2 0.7099430000795418 0.32515349434265933 0.012836354670590744 0.02897897287263689
2 0.7245492980585427 0.17037054557232328 0.04881021733768165 0.03231305113146821
2 0.7262203387173612 0.11254441003370382 0.07947896200668154 0.04967781313352067
2 0.7887203387173612 0.11218079567051911 0.022084085335772663 0.01809601502711473
2 0.7643010467059073 0.02794215105671336 0.022874426002545255 0.01888181020665449
2 0.7432891127068618 0.03509612090428824 0.022892607336090796 0.020444310206654492
2 0.750411269374589 0.04286771428842995 0.009584085335772662 0.018023292154477667
2 0.7691521787078163 0.041977379979474524 0.01893181333545444 0.01573408430895542
2 0.7539726213796797 0.08034953357027072 0.008839198002863568 0.021143746974937906
2 0.7223226320416799 0.046156340751863076 0.007985222668681758 0.014889201795398054
2 0.44375 0.76484375 0.13125 0.1203125
2 0.971875 0.65078125 0.05625 0.1296875