2 0.17890625 0.4234375 0.3578125 0.371875
2 0.29296875 0.3046875 0.3734375 0.609375
2 0.00703125 0.065625 0.0140625 0.040625
2 0.665625 0.3046875 0.371875 0.609375
2 0.43125 0.8171875 0.096875 0.365625
1 0.6171875 0.69140625 0.275 0.1640625
2 0.8016424436027236 0.6636387129501093 0.03877274090738485 0.0652943591605581
2 0.7267570580851126 0.7042033648113651 0.03961951089576328 0.0774037341605581
2 0.6617383454639795 0.7511437028106507 0.03905142834435935 0.04704424480421991
2 0.7734375 0.6390625 0.04375 0.059375
2 0.99453125 0.92265625 0.0109375 0.0578125