2 0.30625 0.1796875 0.0875 0.359375
2 0.7734375 0.28671875 0.3625 0.1453125
2 0.096875 0.8 0.19375 0.4
2 0.37734375 0.55 0.0546875 0.109375
2 0.5958912292168245 0.6628225785721419 0.05225047327782271 0.08025591837349921
2 0.6359706599373522 0.68393871537561 0.05286423871722903 0.10134966837349921
2 0.6483737200456245 0.7417890127306566 0.05567098997087001 0.09059417889684288
2 0.8966748277257564 0.7609463493364806 0.1263304824490227 0.1602234104104042
2 0.8473280455933028 0.7893751862246533 0.03940949247815269 0.06780912628012441
2 0.9426669408161648 0.6595427440324565 0.03696044239901042 0.03724937101845249
2 0.8954462629986306 0.5073208203972854 0.05759720282385157 0.10318518415851478
2 0.7443898798499629 0.42730855475344426 0.042557224531464044 0.06877238680346806
2 0.7286595797708204 0.45691275476756166 0.0267587282923877 0.035095336817585476
2 0.68359375 0.37890625 0.0578125 0.0390625
2 0.9265625 0.3890625 0.0625 0.059375
2 0.94453125 0.371875 0.0515625 0.025