2 0.20859375 0.3484375 0.3421875 0.103125
2 0.6046875 0.36171875 0.075 0.0765625
2 0.4546875 0.325 0.071875 0.15
2 0.532912144900765 0.09405172849830859 0.05258940445914586 0.06332891848667063
2 0.7260451498444436 0.21981635835434635 0.027458364482389187 0.03719698212215263
2 0.7091854317754287 0.2137258550203665 0.018919244804219915 0.037276730455162624
2 0.6783888998444436 0.2159262127464931 0.021153734160558102 0.035905549091614475
2 0.9847424426711922 0.16079127109114105 0.024934298022528622 0.04553564060688338
2 0.9078082380958306 0.09244014169414534 0.020754896413374267 0.04131052621279707
2 0.950727711612727 0.06294383139264319 0.03810628737886681 0.045057279546777095
2 0.303125 0.7171875 0.23125 0.565625
2 0.6546875 0.8375 0.471875 0.325