2 0.45078125 0.35859375 0.2609375 0.1203125
2 0.2453125 0.29921875 0.328125 0.2390625
2 0.234375 0.04140625 0.090625 0.0828125
0 0.49609375 0.7703125 0.2265625 0.459375
2 0.5546875 0.4453125 0.075 0.053125
2 0.5008390674386807 0.47387748838802446 0.013381914086128432 0.03825433785298147
2 0.41513795678135434 0.486534264252272 0.03272223423243066 0.030619514185764984
2 0.18109549078503512 0.7763482366721648 0.10670982057281275 0.29119095282385155
2 0.11983394851631997 0.9321412470970062 0.030524607807534788 0.07037233597251955
2 0.4096354520317017 0.6195968168386967 0.08288915444465292 0.20696070533113406
2 0.56796875 0.9640625 0.0703125 0.071875
2 0.028699802239792172 0.9129031652811216 0.02610921153100698 0.048383675705962935
2 0.8890625 0.8953125 0.221875 0.209375