2 0.221875 0.31484375 0.171875 0.1078125
2 0.27890625 0.04375 0.2609375 0.0875
2 0.878125 0.33203125 0.1125 0.0734375
0 0.57734375 0.35 0.0671875 0.0375
0 0.6844388820865417 0.21308674502067682 0.05559407215984367 0.1051649131118273
2 0.015625 0.85078125 0.03125 0.0890625
2 0.0828125 0.91875 0.159375 0.1625
1 0.17421875 0.8875 0.1640625 0.225
2 0.3328125 0.4375 0.09375 0.1375
2 0.3719988662470999 0.5658807321488458 0.030785460275344612 0.050811342079257214
2 0.37076378419989914 0.682833013718877 0.02157435124083733 0.052609060509226244
2 0.1998285713266644 0.6614115819794367 0.02377598960843983 0.0729670631400623
2 0.3245172148900471 0.6384606584148529 0.023355372528160778 0.055825065770898165
2 0.42068238468443175 0.5104883058828389 0.012450723516896467 0.03340403420086702
2 0.4128481053513366 0.4881960769295263 0.007981744804219915 0.036256018415851445
2 0.8640625 0.684375 0.271875 0.63125