2 0.3671875 0.34375 0.34375 0.371875
2 0.82109375 0.26484375 0.3578125 0.5296875
0 0.7 0.66328125 0.246875 0.2671875
2 0.9765625 0.5640625 0.046875 0.06875
2 0.9553903563098721 0.8879746322213883 0.032584348326845 0.07178473423243048
2 0.7819183642185377 0.9295478024336106 0.07859452669174569 0.12827177678548624
2 0.7215273508726648 0.8676121533072912 0.014872924904859808 0.03937162452503458
2 0.6328322653974012 0.8595106722089927 0.03405400642579064 0.031232469414791807
2 0.6186676532303921 0.7229919439604857 0.08825071098814571 0.21201099715020835
2 0.9146340692380033 0.7129752854317701 0.029094592395345842 0.04360518284565966
2 0.9581148138007958 0.6861575590831244 0.02571492441056833 0.03728244766329851