2 0.13046875 0.28984375 0.2609375 0.5796875
1 0.60234375 0.3390625 0.1453125 0.48125
2 0.2017891495711483 0.8180104318290894 0.16812649777503808 0.22574070750969036
2 0.4065143835991087 0.7063078755352545 0.02088118506293455 0.029326554595791875
2 0.37686092716555 0.7868371822905147 0.03822297303029813 0.05298410009228505
2 0.468776662643403 0.7652508813953507 0.021721634648016065 0.03015786937061655
2 0.48389309978092976 0.7418832325673698 0.027060330083912554 0.03905200801956461
2 0.3920966860886196 0.7100942095884106 0.012358290041956366 0.01945090684754529
2 0.06326129106764151 0.6984420041620532 0.027652325934727707 0.04686450801956461
0 0.013047803515196188 0.7187754881229242 0.017578586307689915 0.02678254549649317
2 0.05263052177160965 0.7558539859634559 0.01373153589277143 0.02731347162236979
2 0.2987261170023693 0.6679987422849774 0.015720088382282428 0.02277616594684382
2 0.22388040496973308 0.6404361443521606 0.017400987552445457 0.024438795496493172
2 0.76640625 0.95625 0.1421875 0.0875
2 0.6041967122331288 0.8075957611018835 0.0664439840279604 0.12787347856220022
2 0.7549196852634271 0.7662266887689196 0.061258653944047836 0.09022328423772627
2 0.5734375 0.63125 0.06875 0.103125