2 0.01875 0.1515625 0.0375 0.303125
2 0.73046875 0.028125 0.0796875 0.05625
2 0.9359375 0.11015625 0.128125 0.2203125
0 0.2539813794499238 0.71328125 0.2690841319102114 0.48125
2 0.03447989854546307 0.37265625 0.035133861827499044 0.071875
2 0.21484375 0.3640625 0.0828125 0.06875
2 0.2692450622377732 0.3984375 0.015758891027968146 0.0404296875
2 0.35747876804663203 0.409375 0.03518048340326043 0.03125
2 0.585941774470902 0.70390625 0.12663889067130044 0.3
2 0.6410525591142736 0.86328125 0.035133861827499044 0.071875
2 0.75625 0.98359375 0.034375 0.0328125
2 0.35637544148720435 0.54765625 0.09741148672725278 0.21328125
2 0.055357393146878354 0.55078125 0.031440176764564676 0.04375
2 0.0109375 0.5765625 0.021875 0.0375
2 0.17057319313758956 0.92734375 0.07890809523075966 0.103125
2 0.7364601474965561 0.84140625 0.030351273445216976 0.05
2 0.89453125 0.59765625 0.2109375 0.5359375