2 0.41171875 0.30390625 0.1140625 0.3078125
2 0.3064316278227606 0.4424002025780041 0.1101238210104734 0.1733951403465106
2 0.2484375 0.08359375 0.171875 0.1671875
2 0.41796875 0.04921875 0.1015625 0.0984375
2 0.7296875 0.43125 0.459375 0.2375
1 0.9109375 0.3328125 0.178125 0.434375
2 0.19453125 0.7046875 0.3046875 0.309375
2 0.378125 0.63671875 0.18125 0.1734375
0 0.4039657881910784 0.7793991212205962 0.07374699855010754 0.09764770667568143
2 0.44921875 0.85078125 0.0390625 0.1515625
2 0.4109988834218381 0.8825332118873689 0.05931764564567814 0.10294373400699967
2 0.75078125 0.775 0.3546875 0.45