2 0.153125 0.39921875 0.084375 0.0796875
2 0.17338835224966517 0.15819649737427088 0.07814665777956833 0.1219210006763177
2 0.10547281015629037 0.14491470003181667 0.09202329461832992 0.1255957123448404
2 0.0203125 0.13828125 0.040625 0.2765625
2 0.04979893380557887 0.18096074069063528 0.04761387098315897 0.07355140700588603
2 0.20764079686093648 0.2905368300445434 0.039209654526317014 0.08340780183799978
2 0.25223993629524044 0.3324339760502705 0.06516658932489391 0.1570975678409429
2 0.090625 0.384375 0.090625 0.109375
2 0.759375 0.21953125 0.48125 0.4390625
2 0.32734375 0.565625 0.3453125 0.253125
2 0.0875 0.75703125 0.175 0.4859375
2 0.68359375 0.6671875 0.3296875 0.45625