2 0.1102969465793275 0.3298964111224997 0.12588864454310827 0.2922253433433749
2 0.24967382848081918 0.4921900852306429 0.016818091530335623 0.039133104504765724
2 0.23612993471632943 0.38390998092857187 0.029160576958028983 0.06901492846978705
2 0.3026343438038584 0.418661081984232 0.016965653783189795 0.037964638697134664
2 0.31070417038187337 0.4505286907505299 0.020592031378220455 0.05032387327503542
2 0.23895916296749958 0.4869122500032953 0.008049921939110227 0.02512273092527657
2 0.00234375 0.47734375 0.0046875 0.0609375
2 0.16592356958357066 0.5358094460255358 0.011740631178644812 0.029480971387914678
2 0.10690139665587721 0.5665060669666981 0.012406152423887828 0.03144432396502097
2 0.45527120695945084 0.27469111932290013 0.017526386862998143 0.05651591700476573
0 0.9484375 0.38125 0.103125 0.4375
2 0.0810856545645426 0.9537821501654511 0.053115371302108375 0.08211934405404193
2 0.60703125 0.8 0.1765625 0.4
2 0.7556903596211892 0.7676871428618505 0.031630996302108375 0.08174433289347505
2 0.7393106259328116 0.6906843120987297 0.02260882337441501 0.051920465198723065