2 0.24765625 0.32578125 0.4953125 0.3859375
2 0.609375 0.44140625 0.040625 0.0484375
2 0.6507000230826732 0.44201061274663267 0.03826437262517359 0.06683351133831791
2 0.6575858027179511 0.4483424287475872 0.01562565321038196 0.033766472668681755
2 0.6976477582650343 0.439431052752996 0.062392856857604075 0.09679373134149963
2 0.7209391346899302 0.4795566134229505 0.06573540919430557 0.0726204346753633
1 0.078125 0.81171875 0.15625 0.3453125
2 0.06328125 0.58984375 0.0734375 0.1421875
1 0.26701208805281207 0.8848526407542687 0.0650834053945836 0.17883407200827223
1 0.49609375 0.9625 0.0640625 0.075
0 0.2203125 0.978125 0.0625 0.04375