2 0.090625 0.0953125 0.18125 0.190625
2 0.23359375 0.12265625 0.2203125 0.2453125
2 0.43125 0.025 0.115625 0.05
2 0.3879331446486634 0.2907488662470999 0.2903595797067817 0.5751944935490817
2 0.5904514932916106 0.23503908767030932 0.20544819167352485 0.45322550192919897
0 0.5587762503289762 0.5083837525210154 0.06935066055650019 0.09678055340738485
2 0.629695401686029 0.5832141437386096 0.11024318534328774 0.15347705619435104
2 0.551056949456456 0.6075478721991846 0.05576617587252031 0.10263314511442907
2 0.08939745566064224 0.3161923545950319 0.06574086194752438 0.07573188252235
2 0.8078125 0.25078125 0.115625 0.5015625
2 0.196875 0.83984375 0.3875 0.3203125