2 0.1453125 0.32578125 0.290625 0.6484375
2 0.2830913068391885 0.20544624148187865 0.11302390871793264 0.17362050649282174
2 0.7047383960466634 0.41500602232442957 0.2527942051957698 0.37072426460884883
0 0.881099986503538 0.3939826359619916 0.03422815430652086 0.06301478804768763
2 0.9734375 0.35703125 0.053125 0.0921875
2 0.7432144358881271 0.11317078693492624 0.010736590456874851 0.01813239123370205
2 0.9863113952214707 0.2204984971639215 0.018478235477853034 0.027630122158978577
2 0.9720354076690254 0.24415418547552425 0.025060122200461343 0.05271194277582954
2 0.99453125 0.21328125 0.0109375 0.0265625
2 0.11953125 0.825 0.2390625 0.35
2 0.68984375 0.825 0.2796875 0.35