2 0.60390625 0.29765625 0.3953125 0.2640625
1 0.221875 0.89453125 0.221875 0.2109375
2 0.009375 0.8375 0.01875 0.115625
2 0.22545360721791355 0.7382691771039219 0.07534464396922065 0.14650736133812262
2 0.7513892845732291 0.7954231469514967 0.08263430674305994 0.12858406313352083
0 0.7992130191338228 0.774611198082965 0.07681020407749273 0.08949429205628193
2 0.8284004139609735 0.7575964149054777 0.059676528371529966 0.06439884328594588
2 0.710766633082161 0.7147316831540461 0.06484741316955063 0.1347295240041051
2 0.6255936627073322 0.7673521682251273 0.06129050415663517 0.11986759328594587
2 0.585246144364932 0.6155805899662962 0.06400031551854841 0.05192611436318471
2 0.97734375 0.5890625 0.0453125 0.125
2 0.87890625 0.465625 0.0609375 0.071875
2 0.7391320108205527 0.5352396258742579 0.013091033386094963 0.020385222872636888
2 0.5998398417785074 0.6070731983775526 0.027380853919208283 0.028279536104353475
2 0.6591372515828456 0.9268953398681002 0.05874216567683312 0.11282270774732642
2 0.6960712987589941 0.8271271440246306 0.07090118487716293 0.10117668061996347