2 0.3015625 0.14765625 0.05625 0.2046875
0 0.55546875 0.125 0.2859375 0.25
1 0.26171875 0.71640625 0.1359375 0.5671875
2 0.2359375 0.46953125 0.1875 0.1796875
0 0.1109375 0.56171875 0.221875 0.3921875
2 0.159375 0.296875 0.096875 0.09375
2 0.58125 0.7203125 0.3625 0.559375
2 0.9890625 0.8015625 0.021875 0.10625
2 0.9111098603944463 0.9099607747436202 0.07992703064068038 0.08314394635778974
2 0.9469400405883743 0.7808582964512325 0.04703073295387128 0.09975595909205773
2 0.97421875 0.94375 0.0515625 0.1
2 0.92265625 0.96796875 0.0640625 0.0640625