2 0.3546875 0.0734375 0.05 0.125
2 0.33054046239665835 0.27028223578995 0.06449555806067106 0.07880486140380079
2 0.26132093570491255 0.395726520692986 0.07209350557007568 0.12636466548249584
2 0.20562935121823217 0.400227060060249 0.023714049163422502 0.0359355229300423
2 0.14573308638948462 0.4695440758885615 0.045943852775469196 0.09292388555165906
2 0.22353443422203778 0.40210320575817776 0.033567880931499164 0.028690925933219445
2 0.1791504228533313 0.4552730702065187 0.020652051511307334 0.04700696996740419
2 0.44140625 0.32265625 0.1234375 0.3421875
2 0.70703125 0.1953125 0.2890625 0.390625
2 0.865988531066008 0.37910781087102785 0.06236734882113648 0.0744738944801128
2 0.3078125 0.55859375 0.14375 0.0578125
2 0.221875 0.9890625 0.053125 0.021875
2 0.53359375 0.8265625 0.3078125 0.346875