2 0.5144618863548197 0.1217833187507468 0.09033744182452974 0.17097774122451134
2 0.20073422620309883 0.11813651537289918 0.08174388523146056 0.11344220595795473
2 0.67578125 0.0359375 0.1078125 0.071875
2 0.6966211978642697 0.11631691725967866 0.03639975666795969 0.035352478292387704
2 0.6791150913460913 0.1964674185133199 0.02480855242559432 0.0365739974927175
2 0.6278873022564164 0.1620864068348374 0.027343621062046 0.03898594365265158
2 0.860428348473093 0.04747129202856946 0.03769118969849785 0.04162521034569897
2 0.7644622731686813 0.08148492768451998 0.015194436364518005 0.02382394490629274
2 0.7587702536238441 0.06487408920471785 0.008290732122152634 0.02518185642649069
0 0.2286532214919931 0.7637481952354972 0.07694487939699587 0.08329588479802066
2 0.01484375 0.7671875 0.0296875 0.053125
2 0.029769311340272164 0.7634430036944166 0.023963529546777097 0.035770015439406146
2 0.10344618527725621 0.8298014410788621 0.13655873758216436 0.17388143236988043
2 0.35859375 0.878125 0.2140625 0.24375
2 0.474826848762957 0.8178974522951261 0.07742298258119469 0.1464407424781527
2 0.34067486043188666 0.7536948968057076 0.08501247091226496 0.08664820533113407
2 0.2097434669500652 0.6692253054229116 0.0636955803053814 0.06420490399835047
0 0.07245166360638695 0.9408836935861444 0.1362083090935542 0.07410875290299401
1 0.76015625 0.73828125 0.3203125 0.5234375